OrderedDict([('network.0.weight', tensor([[ 9.3432e-02,  3.4754e-01,  4.7774e-02,  3.1937e-01,  3.6024e-03,
         -2.0072e-03,  3.8802e-02,  1.0495e-01,  1.7758e-01],
        [-4.0656e-01,  2.7100e-01, -1.6488e-01,  2.9624e-03, -2.4542e-01,
          2.6777e-01,  1.7658e-01,  4.5130e-01,  2.6072e-01],
        [-2.3799e-01, -3.9839e-01, -8.9508e-02, -2.6337e-02,  1.1359e-01,
          2.0506e-02, -8.2393e-01, -3.2727e-01, -3.3945e-02],
        [-1.4784e-01,  1.1794e-01, -3.5681e-01,  2.9755e-01, -6.3019e-03,
          6.2323e-01,  2.6852e-01,  5.6066e-04,  3.5830e-01],
        [-3.5381e-02,  3.8108e-01,  1.9383e-01,  2.3612e-02, -2.3925e-02,
         -5.8437e-02,  6.7594e-02,  1.9403e-01,  1.1132e-01],
        [ 5.4226e-02,  7.6322e-02, -9.5529e-02,  9.6409e-02, -1.0550e-01,
         -1.4099e-01, -6.9493e-02, -1.3447e-01,  3.4924e-01],
        [ 1.5487e-01,  8.8551e-03,  1.9072e-01,  1.7976e-01,  2.9862e-01,
         -8.9674e-02,  3.2069e-01, -1.7984e-01,  1.0089e-01],
        [ 3.5152e-01,  3.7359e-01, -4.7411e-01,  6.0390e-02, -3.0215e-01,
         -2.9963e-01, -5.6267e-01,  4.2371e-01,  4.1338e-01],
        [ 4.0088e-01, -2.9753e-01, -1.9896e-01, -1.1800e-01, -8.9506e-02,
          6.9720e-03, -1.9085e-01,  1.4533e-01, -2.5550e-01],
        [-3.7182e-01,  3.9598e-01,  8.7803e-02,  1.6882e-01, -1.8080e-01,
          1.2308e-01, -1.6959e-01, -3.2612e-01,  2.7049e-01],
        [ 4.1767e-01, -6.5710e-03,  2.2023e-01,  2.4700e-02, -3.9785e-01,
         -3.4333e-01,  8.2260e-02, -2.2567e-01,  2.9822e-01],
        [-3.7196e-01, -3.3598e-01, -1.0892e-02, -3.1698e-02, -1.2767e-01,
          8.5925e-02,  9.4841e-02, -1.4010e-01, -2.5514e-01],
        [-1.2628e-01, -2.9095e-01,  2.0997e-01,  1.7941e-02,  1.9787e-01,
         -3.3381e-01, -1.9407e-01, -1.4658e-02,  1.4952e-01],
        [-6.6312e-01, -9.4508e-02, -3.0260e-01, -1.3192e-02, -2.3459e-01,
          1.0709e-01,  3.2440e-01, -3.9331e-02, -2.1339e-01],
        [-3.2445e-01, -3.4761e-01,  8.6440e-02, -2.6992e-01,  2.7480e-01,
          2.0281e-01, -1.2396e-01,  4.4794e-01,  1.0450e-01],
        [ 1.4391e-01, -1.8587e-01, -7.7895e-01, -2.1181e-02, -1.5949e-01,
          2.3811e-01, -6.8440e-01,  4.0563e-01,  1.2691e-01],
        [-2.0029e-02,  6.0577e-01,  3.8751e-01,  5.5221e-02,  3.0452e-01,
         -1.7758e-01, -1.5687e-01, -3.2786e-01,  2.1628e-01],
        [-3.2917e-01,  3.8423e-01, -1.2047e-01,  2.0364e-01,  6.0904e-02,
         -3.3700e-04, -2.6604e-01,  1.5052e-01, -5.5375e-02],
        [ 1.3504e-01, -1.7498e-01,  1.5933e-01, -2.6807e-01, -4.7951e-01,
          7.9772e-03, -2.3420e-01, -3.6718e-01, -4.9771e-01],
        [-1.3477e-01,  1.7276e-01,  1.3712e-02, -5.9038e-02, -1.3490e-01,
         -1.7640e-01, -1.1295e-01,  1.3507e-01, -4.3936e-01],
        [ 3.2277e-01,  3.1594e-01, -2.1315e-01, -1.9165e-01,  1.4860e-01,
          2.8857e-01,  3.8039e-01,  1.9920e-02, -2.7394e-01],
        [-3.0368e-02,  3.4411e-02, -8.7972e-02,  2.0432e-01,  2.3393e-01,
         -2.2236e-02, -9.4708e-02,  2.1496e-02, -3.3745e-02]])), ('network.0.bias', tensor([ 0.0031,  0.3984, -0.3930, -0.1998,  0.0873,  0.0590, -0.1417, -0.0282,
        -0.2905, -0.1573,  0.1052,  0.0049,  0.1044,  0.0654, -0.0285, -0.0579,
         0.1415,  0.2316,  0.3983, -0.1595,  0.2448, -0.0843])), ('network.2.weight', tensor([[-0.0476,  0.5077, -0.4352, -0.3192, -0.2015,  0.0426,  0.3538,  0.4561,
         -0.0972, -0.4423, -0.2988,  0.0606, -0.0739,  0.5200,  0.2052,  0.3380,
         -0.2946, -0.0245, -0.4804, -0.2272,  0.3381, -0.0945]])), ('network.2.bias', tensor([-0.1473]))])